WER: 2.480515999329871, F1: 0.49185593482532547
WER: 2.5994303903501423, F1: 0.48695535145640984
WER: 2.160931479309767, F1: 0.48302312366909295
